euclidean distances
0.5609008518668874
0.5611459396850342
0.562080746534695
0.5628141483873695
0.5646766912357902
0.5658928923612665
0.568669293724393
0.5703593302690857
0.5740294118117991
0.5761811916619632
0.583317894140922
0.5917218650895031
0.6013399750764954
0.6978429376478635
0.6982189954627416
0.6986127436749204
0.6997390696716884
0.7005246359872007
0.7035693040667707
0.7077321284391433
0.7129935242517985
0.71804231464796
0.7193293860430005
0.7267116110431977
0.7444862427372315
0.7710608054005859
0.9654065286836423
0.9872485835011362
1.0504450321768388
1.093016361096667
1.1188207030731063
1.1481113907739962
